SF数据处理：
路网csv文件导入  ->  dj生成全OD最短路径（仅对初始车流使用）  -> 按csv比例生成OD ->  随机拆分成多个时间段导入

时间单位：min， 速度单位：基准60码，随时切换到m/s都行
考虑到电脑承受力，把数据中的OD数和道路容量都/1000
按照OD-demand的比例来当作OD选择概率，每个t加入约100辆车，最终理想稳态大概是100*6254/552+辆车，最高也不会超过2k

路网：
初始加入一定量的OD，尽量均匀
每隔T加一波充电需求，每隔t更新一次状态并加少量OD。  不过缺一个要考虑实时流的寻路算法


状态更新详细步骤（t）：
（1）：根据上个t留下的实时车流量，道路上的车更新自身状态（行驶/等待/转换/进站/到目的地消失），更新后导致若干流的+1/-1，不影响正在等灯的
（2）：新增车辆根据上个t留下的车流量寻路、行驶并计入流量。前若干个t为提速，直接dj寻路且不产生充电需求。之后用考虑实时流的寻路算法
（3）：充电站处理站内的车辆的到达/排队/开始充电/充电/离开事宜，影响交通流
（4）：整合好此时的交通流留待下个t使用

每隔T：
（1）：在这个t新增的OD内挑选一部分产生充电需求
（2）：尽量匹配车与站
（3）：匹配后进入状态更新的（2）





  


[[(20, 1), (7, 13), (8, 2), (10, 1), (4, 18), (9, 6), (24, 13), (8, 5), (2, 3), (6, 5), (9, 20), (7, 3), (4, 2), (9, 12), (24, 4), (10, 19), (14, 3), (21, 20), (17, 13), (12, 6), (13, 19), (24, 23), (11, 7), (14, 17), (8, 6), (15, 4), (17, 12), (17, 11), (5, 23), (12, 20), (6, 12), (2, 16), (3, 16), (11, 24), (17, 18), (18, 6), (13, 18), (11, 1), (12, 9), (7, 2), (18, 1), (4, 15), (24, 20), (1, 4), (23, 24), (9, 18), (11, 18), (20, 2), (10, 18), (20, 23), (13, 9), (19, 14), (14, 12), (17, 20), (3, 12), (20, 14), (13, 1), (17, 15), (7, 10), (17, 6), (19, 11), (1, 11), (22, 10), (12, 7), (7, 4), (16, 4), (21, 18), (4, 9), (24, 10), (14, 11), (11, 5), (11, 16), (7, 6), (4, 5), (9, 24), (18, 14), (21, 4), (3, 4), (22, 1), (19, 17), (14, 20), (3, 10), (17, 10), (20, 9), (1, 6), (17, 24), (4, 10), (11, 3), (3, 22), (14, 6), (8, 22), (22, 5), (9, 2), (5, 19), (10, 2), (23, 21), (8, 23), (5, 1), (17, 3), (15, 9), (8, 17), (9, 17), (22, 15), (14, 21), (13, 8), (12, 13), (23, 18), (3, 14), (15, 3), (6, 21), (3, 11), (20, 24), (22, 20), (17, 21), (19, 8), (18, 10), (13, 7), (19, 23), (6, 9), (22, 4)], [(20, 1), (7, 13), (8, 2), (10, 1), (9, 6), (24, 13), (8, 5), (6, 5), (9, 20), (4, 2), (9, 12), (24, 4), (10, 19), (21, 20), (17, 13), (12, 6), (13, 19), (24, 23), (11, 7), (14, 17), (8, 6), (15, 4), (17, 12), (17, 11), (12, 20), (6, 12), (2, 16), (3, 16), (11, 24), (17, 18), (11, 1), (12, 9), (7, 2), (4, 15), (24, 20), (1, 4), (23, 24), (9, 18), (11, 18), (10, 18), (20, 23), (13, 9), (19, 14), (14, 12), (17, 20), (3, 12), (20, 14), (13, 1), (17, 15), (7, 10), (17, 6), (19, 11), (1, 11), (22, 10), (12, 7), (7, 4), (16, 4), (4, 9), (24, 10), (14, 11), (11, 5), (11, 16), (7, 6), (4, 5), (9, 24), (21, 4), (3, 4), (22, 1), (19, 17), (14, 20), (3, 10), (17, 10), (20, 9), (1, 6), (17, 24), (4, 10), (11, 3), (8, 22), (22, 5), (9, 2), (10, 2), (23, 21), (8, 23), (5, 1), (15, 9), (8, 17), (9, 17), (22, 15), (14, 21), (13, 8), (12, 13), (3, 11), (20, 24), (22, 20), (17, 21), (19, 8), (18, 10), (13, 7), (19, 23), (6, 9), (22, 4), (17, 7), (4, 13), (11, 20), (1, 21), (1, 8), (23, 16), (7, 24), (7, 11), (14, 10), (12, 3), (19, 16), (8, 21), (8, 9), (23, 7), (22, 21), (13, 20), (6, 2), (17, 5), (10, 3)], [(20, 1), (7, 13), (8, 2), (10, 1), (9, 6), (24, 13), (8, 5), (9, 20), (9, 12), (10, 19), (21, 20), (17, 13), (13, 19), (24, 23), (11, 7), (14, 17), (8, 6), (15, 4), (17, 12), (17, 11), (12, 20), (2, 16), (11, 24), (17, 18), (11, 1), (12, 9), (4, 15), (24, 20), (1, 4), (23, 24), (10, 18), (20, 23), (13, 9), (19, 14), (14, 12), (17, 20), (20, 14), (13, 1), (17, 15), (7, 10), (17, 6), (19, 11), (1, 11), (22, 10), (12, 7), (7, 4), (16, 4), (4, 9), (24, 10), (14, 11), (11, 5), (11, 16), (7, 6), (4, 5), (22, 1), (19, 17), (14, 20), (3, 10), (17, 10), (20, 9), (1, 6), (17, 24), (4, 10), (11, 3), (8, 22), (10, 2), (23, 21), (8, 23), (15, 9), (8, 17), (9, 17), (22, 15), (14, 21), (13, 8), (12, 13), (3, 11), (20, 24), (22, 20), (17, 21), (19, 8), (18, 10), (13, 7), (19, 23), (6, 9), (22, 4), (17, 7), (4, 13), (11, 20), (1, 8), (23, 16), (7, 11), (14, 10), (12, 3), (19, 16), (8, 21), (8, 9), (23, 7), (22, 21), (13, 20), (6, 2), (17, 5), (10, 3), (8, 13), (13, 12), (6, 24), (5, 13), (14, 4), (12, 4), (23, 3), (3, 7), (10, 20), (20, 21), (8, 10), (13, 15), (15, 2), (14, 18), (21, 10), (14, 8), (12, 22), (4, 17)], [(7, 13), (8, 2), (10, 1), (9, 6), (24, 13), (8, 5), (9, 20), (9, 12), (10, 19), (21, 20), (17, 13), (24, 23), (11, 7), (14, 17), (8, 6), (15, 4), (17, 12), (17, 11), (12, 20), (2, 16), (11, 24), (17, 18), (11, 1), (12, 9), (4, 15), (24, 20), (1, 4), (23, 24), (10, 18), (20, 23), (13, 9), (14, 12), (17, 20), (20, 14), (13, 1), (17, 15), (7, 10), (17, 6), (19, 11), (1, 11), (22, 10), (12, 7), (7, 4), (16, 4), (4, 9), (24, 10), (14, 11), (11, 5), (11, 16), (7, 6), (4, 5), (22, 1), (19, 17), (14, 20), (17, 10), (20, 9), (4, 10), (8, 22), (10, 2), (23, 21), (15, 9), (8, 17), (9, 17), (22, 15), (14, 21), (13, 8), (12, 13), (20, 24), (22, 20), (17, 21), (19, 8), (18, 10), (13, 7), (6, 9), (22, 4), (17, 7), (4, 13), (11, 20), (1, 8), (23, 16), (7, 11), (14, 10), (19, 16), (8, 21), (8, 9), (22, 21), (13, 20), (6, 2), (10, 3), (8, 13), (13, 12), (5, 13), (14, 4), (12, 4), (10, 20), (20, 21), (8, 10), (13, 15), (21, 10), (14, 8), (12, 22), (4, 17), (15, 6), (24, 14), (18, 8), (6, 1), (15, 14), (22, 16), (23, 5), (2, 1), (1, 19), (12, 11), (23, 11), (17, 1), (1, 5), (21, 9), (19, 24), (10, 9), (10, 9), (14, 13)], [(10, 1), (24, 13), (8, 5), (9, 20), (9, 12), (10, 19), (21, 20), (17, 13), (24, 23), (11, 7), (14, 17), (8, 6), (15, 4), (17, 12), (17, 11), (12, 20), (11, 24), (17, 18), (11, 1), (12, 9), (4, 15), (1, 4), (23, 24), (10, 18), (20, 23), (13, 9), (14, 12), (17, 20), (20, 14), (13, 1), (17, 15), (7, 10), (17, 6), (1, 11), (22, 10), (12, 7), (16, 4), (4, 9), (24, 10), (14, 11), (11, 5), (11, 16), (4, 5), (19, 17), (14, 20), (17, 10), (17, 10), (20, 9), (4, 10), (8, 22), (10, 2), (23, 21), (15, 9), (8, 17), (9, 17), (22, 15), (13, 8), (12, 13), (22, 20), (17, 21), (19, 8), (18, 10), (17, 7), (4, 13), (11, 20), (1, 8), (23, 16), (7, 11), (14, 10), (19, 16), (8, 21), (8, 9), (22, 21), (13, 20), (6, 2), (8, 13), (13, 12), (14, 4), (12, 4), (10, 20), (20, 21), (8, 10), (13, 15), (21, 10), (14, 8), (12, 22), (4, 17), (15, 6), (24, 14), (18, 8), (6, 1), (15, 14), (22, 16), (1, 19), (12, 11), (23, 11), (17, 1), (1, 5), (21, 9), (10, 9), (14, 13), (5, 9), (3, 6), (17, 14), (4, 1), (7, 12), (7, 5), (22, 13), (6, 23), (3, 13), (19, 21), (14, 5), (17, 8), (18, 22), (15, 17), (16, 1), (1, 20), (12, 15), (7, 17), (13, 22)], [(10, 1), (24, 13), (9, 20), (9, 12), (10, 19), (21, 20), (24, 23), (14, 17), (8, 6), (17, 12), (17, 11), (11, 24), (17, 18), (12, 9), (23, 24), (10, 18), (20, 23), (13, 9), (14, 12), (17, 20), (17, 15), (7, 10), (22, 10), (12, 7), (16, 4), (4, 9), (24, 10), (14, 11), (11, 16), (19, 17), (17, 10), (17, 10), (20, 9), (4, 10), (10, 2), (23, 21), (15, 9), (8, 17), (9, 17), (22, 15), (13, 8), (12, 13), (22, 20), (17, 21), (19, 8), (18, 10), (17, 7), (4, 13), (11, 20), (1, 8), (23, 16), (7, 11), (14, 10), (19, 16), (8, 9), (22, 21), (13, 20), (8, 13), (13, 12), (14, 4), (12, 4), (10, 20), (20, 21), (8, 10), (13, 15), (21, 10), (14, 8), (12, 22), (4, 17), (24, 14), (18, 8), (6, 1), (15, 14), (22, 16), (1, 19), (12, 11), (23, 11), (17, 1), (21, 9), (10, 9), (14, 13), (5, 9), (3, 6), (17, 14), (4, 1), (7, 12), (7, 5), (22, 13), (19, 21), (17, 8), (18, 22), (15, 17), (16, 1), (1, 20), (12, 15), (7, 17), (13, 22), (17, 19), (2, 20), (8, 15), (20, 22), (4, 7), (10, 15), (10, 15), (13, 16), (23, 12), (19, 15), (5, 3), (17, 22), (7, 1), (24, 15), (18, 9), (4, 23), (18, 23), (18, 7), (15, 16), (4, 21), (20, 18), (24, 19), (8, 11)], [(10, 1), (24, 13), (10, 19), (21, 20), (24, 23), (14, 17), (8, 6), (17, 11), (23, 24), (10, 18), (20, 23), (14, 12), (17, 20), (17, 15), (7, 10), (22, 10), (12, 7), (16, 4), (4, 9), (24, 10), (14, 11), (11, 16), (19, 17), (17, 10), (4, 10), (23, 21), (15, 9), (8, 17), (9, 17), (22, 15), (12, 13), (22, 20), (19, 8), (18, 10), (17, 7), (4, 13), (11, 20), (1, 8), (14, 10), (19, 16), (8, 9), (22, 21), (13, 20), (8, 13), (13, 12), (14, 4), (12, 4), (10, 20), (20, 21), (8, 10), (13, 15), (21, 10), (12, 22), (4, 17), (24, 14), (15, 14), (22, 16), (12, 11), (23, 11), (17, 1), (10, 9), (14, 13), (5, 9), (3, 6), (17, 14), (4, 1), (7, 12), (22, 13), (19, 21), (17, 8), (18, 22), (15, 17), (16, 1), (1, 20), (12, 15), (7, 17), (13, 22), (17, 19), (8, 15), (20, 22), (4, 7), (10, 15), (13, 16), (23, 12), (19, 15), (17, 22), (7, 1), (24, 15), (18, 9), (4, 23), (18, 7), (15, 16), (4, 21), (20, 18), (8, 11), (5, 2), (13, 11), (9, 21), (24, 22), (23, 22), (14, 15), (4, 8), (23, 10), (6, 22), (7, 9), (18, 11), (23, 17), (20, 8), (22, 17), (19, 2), (20, 7), (2, 9), (13, 14), (19, 4), (13, 2), (16, 18), (14, 22), (21, 19), (15, 18), (23, 15)], [(10, 1), (24, 13), (10, 19), (21, 20), (8, 6), (17, 11), (17, 20), (17, 15), (7, 10), (22, 10), (16, 4), (24, 10), (14, 11), (11, 16), (19, 17), (17, 10), (4, 10), (15, 9), (8, 17), (9, 17), (22, 15), (12, 13), (22, 20), (17, 7), (1, 8), (14, 10), (19, 16), (8, 9), (22, 21), (8, 13), (13, 12), (12, 4), (10, 20), (20, 21), (8, 10), (13, 15), (21, 10), (12, 22), (15, 14), (22, 16), (12, 11), (23, 11), (10, 9), (14, 13), (5, 9), (17, 14), (4, 1), (7, 12), (22, 13), (19, 21), (17, 8), (15, 17), (16, 1), (12, 15), (7, 17), (13, 22), (17, 19), (8, 15), (20, 22), (4, 7), (10, 15), (13, 16), (23, 12), (19, 15), (17, 22), (7, 1), (24, 15), (4, 23), (15, 16), (20, 18), (8, 11), (13, 11), (9, 21), (24, 22), (23, 22), (14, 15), (4, 8), (23, 10), (6, 22), (7, 9), (23, 17), (20, 8), (22, 17), (20, 7), (2, 9), (13, 14), (19, 4), (13, 2), (16, 18), (14, 22), (21, 19), (15, 18), (23, 15), (10, 24), (22, 19), (10, 8), (16, 6), (18, 15), (1, 10), (21, 13), (15, 21), (23, 9), (15, 12), (8, 4), (12, 16), (9, 16), (4, 6), (10, 12), (15, 5), (19, 6), (9, 10), (17, 16), (10, 22), (5, 14), (3, 9), (1, 15), (19, 22), (15, 20), (16, 3), (8, 20)], [(10, 1), (10, 19), (21, 20), (17, 11), (17, 20), (17, 15), (7, 10), (22, 10), (14, 11), (11, 16), (19, 17), (17, 10), (4, 10), (15, 9), (8, 17), (9, 17), (22, 15), (12, 13), (22, 20), (17, 7), (1, 8), (14, 10), (19, 16), (8, 9), (22, 21), (13, 12), (10, 20), (20, 21), (8, 10), (13, 15), (21, 10), (12, 22), (15, 14), (22, 16), (12, 11), (23, 11), (10, 9), (14, 13), (5, 9), (17, 14), (4, 1), (7, 12), (22, 13), (17, 8), (15, 17), (16, 1), (12, 15), (7, 17), (13, 22), (17, 19), (8, 15), (20, 22), (4, 7), (10, 15), (13, 16), (23, 12), (19, 15), (17, 22), (7, 1), (24, 15), (4, 23), (15, 16), (20, 18), (8, 11), (13, 11), (9, 21), (24, 22), (23, 22), (14, 15), (4, 8), (23, 10), (7, 9), (23, 17), (20, 8), (22, 17), (20, 7), (13, 14), (13, 2), (16, 18), (14, 22), (21, 19), (23, 15), (10, 24), (22, 19), (10, 8), (16, 6), (18, 15), (1, 10), (21, 13), (15, 21), (23, 9), (15, 12), (8, 4), (12, 16), (9, 16), (4, 6), (10, 12), (15, 5), (19, 6), (9, 10), (9, 10), (17, 16), (10, 22), (1, 15), (19, 22), (15, 20), (16, 3), (8, 20), (19, 13), (11, 22), (19, 1), (22, 14), (9, 7), (15, 7), (11, 2), (22, 12), (1, 2), (10, 17), (10, 17), (10, 16)], [(10, 1), (10, 19), (21, 20), (17, 11), (17, 20), (17, 15), (7, 10), (22, 10), (14, 11), (11, 16), (19, 17), (17, 10), (4, 10), (8, 17), (22, 15), (12, 13), (22, 20), (17, 7), (14, 10), (19, 16), (22, 21), (13, 12), (10, 20), (20, 21), (8, 10), (21, 10), (15, 14), (22, 16), (12, 11), (23, 11), (10, 9), (5, 9), (17, 14), (7, 12), (22, 13), (17, 8), (15, 17), (12, 15), (7, 17), (13, 22), (17, 19), (8, 15), (20, 22), (10, 15), (13, 16), (23, 12), (19, 15), (17, 22), (7, 1), (4, 23), (15, 16), (8, 11), (13, 11), (24, 22), (23, 22), (14, 15), (4, 8), (23, 10), (7, 9), (23, 17), (20, 8), (22, 17), (20, 7), (13, 14), (16, 18), (14, 22), (21, 19), (23, 15), (10, 24), (22, 19), (10, 8), (16, 6), (1, 10), (21, 13), (15, 21), (23, 9), (15, 12), (8, 4), (12, 16), (9, 16), (4, 6), (10, 12), (9, 10), (9, 10), (17, 16), (10, 22), (1, 15), (19, 22), (15, 20), (8, 20), (19, 13), (11, 22), (19, 1), (22, 14), (9, 7), (15, 7), (11, 2), (22, 12), (10, 17), (10, 16), (10, 16), (10, 16), (21, 1), (21, 5), (16, 10), (16, 10), (7, 20), (3, 1), (4, 3), (8, 7), (14, 16), (9, 13), (24, 21), (8, 24), (20, 12), (12, 1), (6, 17), (4, 12), (5, 20), (19, 12)], [(10, 1), (10, 19), (21, 20), (17, 20), (17, 15), (7, 10), (22, 10), (14, 11), (11, 16), (19, 17), (17, 10), (4, 10), (8, 17), (22, 15), (12, 13), (22, 20), (17, 7), (14, 10), (19, 16), (22, 21), (13, 12), (10, 20), (20, 21), (8, 10), (21, 10), (15, 14), (22, 16), (12, 11), (23, 11), (10, 9), (5, 9), (17, 14), (7, 12), (22, 13), (17, 8), (15, 17), (12, 15), (7, 17), (13, 22), (17, 19), (8, 15), (20, 22), (10, 15), (10, 15), (13, 16), (23, 12), (19, 15), (17, 22), (15, 16), (8, 11), (13, 11), (24, 22), (23, 22), (14, 15), (4, 8), (23, 10), (7, 9), (23, 17), (20, 8), (22, 17), (20, 7), (13, 14), (16, 18), (14, 22), (23, 15), (10, 24), (22, 19), (10, 8), (16, 6), (1, 10), (21, 13), (15, 21), (23, 9), (15, 12), (8, 4), (12, 16), (9, 16), (4, 6), (10, 12), (9, 10), (17, 16), (10, 22), (1, 15), (19, 22), (15, 20), (8, 20), (19, 13), (11, 22), (19, 1), (22, 14), (9, 7), (15, 7), (22, 12), (10, 17), (10, 16), (16, 10), (16, 10), (16, 10), (7, 20), (4, 3), (8, 7), (14, 16), (9, 13), (24, 21), (8, 24), (20, 12), (12, 1), (6, 17), (4, 12), (19, 12), (9, 22), (8, 19), (12, 10), (1, 22), (20, 17), (21, 14), (10, 13), (10, 6), (11, 12), (17, 2)], [(10, 1), (10, 19), (21, 20), (17, 20), (17, 15), (7, 10), (22, 10), (14, 11), (11, 16), (19, 17), (17, 10), (4, 10), (8, 17), (22, 15), (12, 13), (22, 20), (14, 10), (19, 16), (22, 21), (13, 12), (10, 20), (20, 21), (8, 10), (21, 10), (15, 14), (22, 16), (12, 11), (23, 11), (10, 9), (5, 9), (22, 13), (17, 8), (15, 17), (7, 17), (13, 22), (17, 19), (20, 22), (10, 15), (10, 15), (23, 12), (19, 15), (17, 22), (15, 16), (8, 11), (13, 11), (24, 22), (23, 22), (14, 15), (4, 8), (23, 10), (7, 9), (23, 17), (20, 8), (22, 17), (13, 14), (14, 22), (23, 15), (10, 24), (22, 19), (10, 8), (16, 6), (1, 10), (21, 13), (15, 21), (23, 9), (15, 12), (8, 4), (12, 16), (9, 16), (10, 12), (9, 10), (17, 16), (10, 22), (1, 15), (19, 22), (15, 20), (8, 20), (11, 22), (22, 14), (9, 7), (15, 7), (22, 12), (10, 17), (10, 16), (10, 16), (10, 16), (16, 10), (16, 10), (16, 10), (16, 10), (7, 20), (8, 7), (14, 16), (9, 13), (24, 21), (20, 12), (6, 17), (4, 12), (19, 12), (9, 22), (8, 19), (12, 10), (1, 22), (20, 17), (21, 14), (10, 13), (10, 6), (11, 12), (17, 2), (1, 18), (11, 15), (16, 21), (18, 16), (24, 7), (2, 15), (16, 12), (16, 15), (2, 4), (5, 16), (5, 15)], [(10, 1), (10, 19), (17, 20), (17, 15), (7, 10), (22, 10), (14, 11), (11, 16), (19, 17), (17, 10), (8, 17), (22, 15), (12, 13), (22, 20), (14, 10), (19, 16), (22, 21), (13, 12), (10, 20), (20, 21), (8, 10), (21, 10), (15, 14), (22, 16), (12, 11), (23, 11), (10, 9), (22, 13), (17, 8), (15, 17), (7, 17), (13, 22), (17, 19), (20, 22), (10, 15), (19, 15), (17, 22), (15, 16), (8, 11), (13, 11), (24, 22), (23, 22), (14, 15), (4, 8), (23, 10), (20, 8), (22, 17), (14, 22), (23, 15), (10, 24), (22, 19), (10, 8), (16, 6), (1, 10), (21, 13), (15, 21), (15, 12), (8, 4), (12, 16), (9, 16), (10, 12), (9, 10), (17, 16), (17, 16), (17, 16), (10, 22), (19, 22), (15, 20), (8, 20), (11, 22), (22, 14), (9, 7), (15, 7), (22, 12), (10, 17), (10, 16), (10, 16), (10, 16), (16, 10), (7, 20), (8, 7), (14, 16), (9, 13), (24, 21), (20, 12), (6, 17), (4, 12), (9, 22), (8, 19), (12, 10), (1, 22), (20, 17), (21, 14), (10, 13), (10, 6), (11, 12), (11, 15), (16, 21), (18, 16), (16, 12), (16, 15), (2, 4), (5, 16), (5, 15), (13, 6), (7, 15), (21, 15), (20, 10), (20, 10), (9, 4), (10, 21), (24, 12), (19, 10), (21, 12), (8, 16), (9, 19), (24, 1), (7, 8), (23, 8), (12, 18)], [(10, 19), (17, 20), (17, 15), (7, 10), (22, 10), (14, 11), (11, 16), (19, 17), (17, 10), (8, 17), (22, 15), (22, 20), (14, 10), (19, 16), (22, 21), (13, 12), (10, 20), (20, 21), (8, 10), (21, 10), (15, 14), (22, 16), (12, 11), (23, 11), (10, 9), (22, 13), (17, 8), (15, 17), (7, 17), (13, 22), (17, 19), (20, 22), (10, 15), (17, 22), (15, 16), (13, 11), (24, 22), (23, 22), (14, 15), (23, 10), (20, 8), (22, 17), (14, 22), (23, 15), (10, 24), (22, 19), (10, 8), (16, 6), (1, 10), (15, 21), (15, 12), (8, 4), (12, 16), (9, 16), (10, 12), (9, 10), (9, 10), (17, 16), (17, 16), (10, 22), (19, 22), (15, 20), (8, 20), (11, 22), (22, 14), (9, 7), (22, 12), (10, 17), (10, 17), (10, 16), (16, 10), (16, 10), (7, 20), (8, 7), (14, 16), (9, 13), (24, 21), (6, 17), (4, 12), (9, 22), (8, 19), (12, 10), (1, 22), (20, 17), (21, 14), (10, 13), (10, 6), (11, 12), (11, 15), (16, 21), (18, 16), (16, 12), (16, 15), (5, 16), (13, 6), (7, 15), (21, 15), (20, 10), (9, 4), (10, 21), (24, 12), (19, 10), (21, 12), (8, 16), (9, 19), (7, 8), (23, 8), (12, 18), (16, 14), (15, 11), (17, 23), (13, 24), (21, 6), (1, 17), (6, 8), (8, 14), (22, 8), (23, 13), (24, 16), (6, 3)], [(10, 19), (17, 20), (17, 15), (7, 10), (22, 10), (14, 11), (19, 17), (17, 10), (17, 10), (17, 10), (22, 15), (22, 20), (14, 10), (22, 21), (13, 12), (10, 20), (8, 10), (15, 14), (22, 16), (12, 11), (23, 11), (10, 9), (22, 13), (17, 8), (15, 17), (13, 22), (17, 19), (20, 22), (10, 15), (10, 15), (10, 15), (17, 22), (15, 16), (13, 11), (24, 22), (23, 22), (14, 15), (23, 10), (20, 8), (22, 17), (14, 22), (23, 15), (10, 24), (22, 19), (10, 8), (16, 6), (1, 10), (15, 21), (9, 16), (10, 12), (9, 10), (17, 16), (17, 16), (10, 22), (19, 22), (15, 20), (8, 20), (11, 22), (22, 14), (22, 12), (10, 17), (10, 17), (10, 17), (10, 16), (16, 10), (16, 10), (8, 7), (14, 16), (9, 13), (4, 12), (9, 22), (8, 19), (12, 10), (20, 17), (10, 13), (10, 6), (11, 12), (11, 15), (16, 21), (18, 16), (16, 12), (16, 15), (5, 16), (7, 15), (21, 15), (20, 10), (20, 10), (9, 4), (10, 21), (24, 12), (19, 10), (21, 12), (8, 16), (9, 19), (7, 8), (23, 8), (16, 14), (15, 11), (17, 23), (13, 24), (1, 17), (6, 8), (8, 14), (22, 8), (23, 13), (24, 16), (6, 3), (4, 24), (18, 19), (18, 4), (5, 22), (13, 4), (18, 17), (23, 14), (1, 13), (6, 18), (22, 6), (13, 17), (22, 2), (9, 3)], [(10, 19), (17, 20), (7, 10), (22, 10), (14, 11), (19, 17), (17, 10), (17, 10), (17, 10), (22, 15), (22, 20), (14, 10), (22, 21), (10, 20), (8, 10), (15, 14), (12, 11), (23, 11), (10, 9), (22, 13), (17, 8), (15, 17), (13, 22), (17, 19), (20, 22), (10, 15), (10, 15), (17, 22), (15, 16), (13, 11), (24, 22), (23, 22), (14, 15), (23, 10), (22, 17), (14, 22), (23, 15), (22, 19), (10, 8), (16, 6), (1, 10), (9, 16), (10, 12), (9, 10), (17, 16), (10, 22), (10, 22), (19, 22), (15, 20), (8, 20), (11, 22), (22, 14), (10, 17), (10, 16), (10, 16), (16, 10), (8, 7), (14, 16), (9, 22), (8, 19), (12, 10), (20, 17), (10, 13), (10, 6), (11, 12), (11, 15), (16, 21), (18, 16), (16, 12), (16, 15), (5, 16), (7, 15), (21, 15), (20, 10), (9, 4), (10, 21), (24, 12), (19, 10), (8, 16), (8, 16), (9, 19), (7, 8), (16, 14), (15, 11), (17, 23), (13, 24), (1, 17), (6, 8), (8, 14), (22, 8), (23, 13), (24, 16), (6, 3), (4, 24), (18, 19), (5, 22), (13, 4), (18, 17), (23, 14), (1, 13), (22, 6), (13, 17), (15, 24), (12, 24), (14, 24), (18, 12), (13, 23), (11, 9), (20, 4), (6, 13), (3, 5), (15, 19), (24, 17), (7, 16), (20, 15), (6, 15), (7, 23), (17, 4), (16, 11), (12, 23)], [(10, 19), (17, 20), (7, 10), (22, 10), (19, 17), (17, 10), (22, 15), (22, 20), (14, 10), (22, 21), (10, 20), (8, 10), (12, 11), (10, 9), (22, 13), (17, 8), (15, 17), (13, 22), (17, 19), (20, 22), (10, 15), (10, 15), (17, 22), (15, 16), (24, 22), (23, 22), (14, 15), (23, 10), (22, 17), (14, 22), (22, 19), (10, 8), (1, 10), (9, 16), (10, 12), (9, 10), (17, 16), (10, 22), (19, 22), (15, 20), (11, 22), (22, 14), (10, 17), (10, 17), (10, 16), (16, 10), (16, 10), (16, 10), (8, 7), (9, 22), (8, 19), (12, 10), (20, 17), (10, 13), (10, 6), (11, 12), (11, 15), (16, 21), (16, 12), (16, 15), (7, 15), (21, 15), (20, 10), (9, 4), (10, 21), (24, 12), (19, 10), (8, 16), (7, 8), (16, 14), (15, 11), (17, 23), (13, 24), (1, 17), (6, 8), (8, 14), (22, 8), (23, 13), (18, 19), (13, 4), (18, 17), (23, 14), (1, 13), (13, 17), (15, 24), (12, 24), (14, 24), (18, 12), (13, 23), (11, 9), (20, 4), (6, 13), (15, 19), (24, 17), (7, 16), (20, 15), (6, 15), (7, 23), (17, 4), (16, 11), (12, 23), (6, 20), (18, 20), (5, 6), (2, 13), (21, 17), (19, 20), (16, 8), (7, 21), (21, 11), (19, 9), (2, 22), (4, 11), (4, 22), (14, 7), (15, 1), (2, 10), (11, 4), (14, 1), (21, 24)], [(10, 19), (7, 10), (22, 10), (17, 10), (22, 15), (22, 20), (14, 10), (22, 21), (10, 20), (8, 10), (10, 9), (17, 8), (15, 17), (17, 19), (20, 22), (10, 15), (10, 15), (17, 22), (23, 22), (14, 15), (23, 10), (22, 17), (14, 22), (22, 19), (10, 8), (1, 10), (9, 16), (10, 12), (9, 10), (17, 16), (10, 22), (19, 22), (15, 20), (11, 22), (22, 14), (10, 17), (10, 17), (10, 16), (10, 16), (16, 10), (8, 7), (12, 10), (20, 17), (10, 13), (10, 6), (11, 12), (11, 15), (16, 12), (16, 15), (21, 15), (20, 10), (9, 4), (10, 21), (19, 10), (8, 16), (7, 8), (16, 14), (15, 11), (17, 23), (13, 24), (6, 8), (22, 8), (23, 13), (13, 4), (18, 17), (23, 14), (1, 13), (13, 17), (15, 24), (12, 24), (14, 24), (13, 23), (11, 9), (20, 4), (15, 19), (24, 17), (7, 16), (20, 15), (17, 4), (16, 11), (12, 23), (6, 20), (18, 20), (5, 6), (2, 13), (21, 17), (19, 20), (16, 8), (7, 21), (21, 11), (19, 9), (4, 11), (4, 11), (4, 22), (14, 7), (15, 1), (2, 10), (11, 4), (14, 1), (21, 24), (11, 6), (7, 22), (7, 14), (14, 19), (11, 17), (23, 6), (3, 8), (21, 22), (21, 22), (12, 14), (5, 8), (12, 2), (10, 11), (10, 11), (10, 11), (10, 11), (12, 19), (8, 18), (13, 5), (6, 14)], [(7, 10), (22, 10), (17, 10), (17, 10), (17, 10), (22, 15), (22, 20), (14, 10), (22, 21), (10, 20), (10, 9), (15, 17), (17, 19), (20, 22), (10, 15), (17, 22), (23, 22), (14, 15), (23, 10), (22, 17), (22, 19), (10, 8), (1, 10), (9, 16), (10, 12), (9, 10), (9, 10), (17, 16), (10, 22), (19, 22), (11, 22), (22, 14), (10, 17), (10, 17), (10, 17), (10, 16), (10, 16), (16, 10), (16, 10), (16, 10), (16, 10), (16, 10), (8, 7), (12, 10), (20, 17), (10, 13), (11, 12), (11, 15), (16, 15), (21, 15), (20, 10), (9, 4), (10, 21), (19, 10), (8, 16), (7, 8), (16, 14), (15, 11), (17, 23), (13, 24), (6, 8), (23, 13), (13, 4), (18, 17), (23, 14), (1, 13), (13, 17), (15, 24), (12, 24), (14, 24), (13, 23), (11, 9), (15, 19), (7, 16), (20, 15), (17, 4), (16, 11), (12, 23), (6, 20), (18, 20), (2, 13), (21, 17), (19, 20), (16, 8), (21, 11), (19, 9), (4, 11), (4, 22), (15, 1), (2, 10), (11, 4), (14, 1), (21, 24), (11, 6), (7, 22), (7, 14), (14, 19), (11, 17), (3, 8), (21, 22), (21, 22), (12, 14), (5, 8), (10, 11), (10, 11), (10, 11), (12, 19), (8, 18), (13, 5), (1, 12), (22, 9), (6, 11), (11, 10), (9, 5), (1, 23), (8, 3), (5, 10), (9, 8), (9, 1), (24, 11)], [(22, 10), (17, 10), (22, 15), (22, 20), (14, 10), (10, 20), (10, 9), (17, 19), (20, 22), (10, 15), (10, 15), (10, 15), (17, 22), (23, 22), (23, 10), (22, 17), (10, 8), (1, 10), (9, 16), (10, 12), (9, 10), (17, 16), (10, 22), (22, 14), (10, 17), (10, 17), (10, 17), (10, 17), (10, 16), (16, 10), (16, 10), (12, 10), (20, 17), (10, 13), (11, 12), (11, 15), (16, 15), (21, 15), (20, 10), (10, 21), (19, 10), (8, 16), (8, 16), (7, 8), (16, 14), (15, 11), (13, 24), (6, 8), (23, 13), (13, 4), (18, 17), (23, 14), (12, 24), (13, 23), (11, 9), (15, 19), (7, 16), (20, 15), (17, 4), (16, 11), (12, 23), (18, 20), (21, 17), (19, 20), (16, 8), (16, 8), (16, 8), (21, 11), (19, 9), (4, 11), (4, 22), (15, 1), (2, 10), (11, 4), (21, 24), (11, 6), (7, 22), (14, 19), (11, 17), (21, 22), (12, 14), (5, 8), (10, 11), (12, 19), (8, 18), (1, 12), (22, 9), (6, 11), (11, 10), (11, 10), (11, 10), (11, 10), (11, 10), (9, 5), (1, 23), (8, 3), (5, 10), (9, 8), (9, 1), (24, 11), (22, 24), (19, 7), (5, 4), (3, 15), (15, 10), (15, 10), (15, 10), (10, 5), (5, 12), (13, 3), (16, 2), (7, 19), (2, 11), (11, 19), (19, 18), (18, 21), (13, 10), (13, 10), (3, 23), (16, 24)], [(22, 10), (17, 10), (22, 15), (22, 20), (14, 10), (10, 20), (10, 9), (17, 19), (20, 22), (10, 15), (10, 15), (17, 22), (23, 22), (23, 10), (22, 17), (10, 8), (9, 16), (10, 12), (9, 10), (17, 16), (10, 22), (10, 17), (10, 17), (10, 16), (16, 10), (16, 10), (16, 10), (12, 10), (20, 17), (10, 13), (11, 12), (11, 15), (16, 15), (20, 10), (20, 10), (10, 21), (19, 10), (8, 16), (7, 8), (15, 11), (6, 8), (23, 13), (23, 14), (13, 23), (11, 9), (15, 19), (7, 16), (20, 15), (16, 11), (12, 23), (21, 17), (19, 20), (16, 8), (4, 11), (15, 1), (2, 10), (11, 4), (21, 24), (11, 6), (7, 22), (11, 17), (21, 22), (12, 14), (5, 8), (10, 11), (10, 11), (22, 9), (6, 11), (11, 10), (11, 10), (11, 10), (9, 5), (1, 23), (5, 10), (9, 8), (9, 1), (24, 11), (22, 24), (19, 7), (5, 4), (15, 10), (15, 10), (15, 10), (15, 10), (10, 5), (5, 12), (16, 2), (7, 19), (2, 11), (11, 19), (19, 18), (13, 10), (16, 24), (15, 22), (15, 22), (15, 22), (15, 22), (15, 22), (15, 22), (15, 22), (15, 22), (15, 22), (15, 22), (15, 22), (15, 22), (15, 22), (20, 5), (9, 14), (21, 16), (16, 22), (11, 13), (10, 14), (22, 18), (12, 5), (6, 16), (2, 7), (20, 16), (3, 17), (14, 9), (24, 8)], [(22, 10), (17, 10), (22, 15), (22, 20), (14, 10), (10, 20), (10, 9), (17, 19), (20, 22), (10, 15), (10, 15), (17, 22), (23, 22), (23, 10), (22, 17), (10, 8), (10, 12), (9, 10), (17, 16), (10, 22), (10, 17), (10, 17), (10, 16), (10, 16), (10, 16), (16, 10), (12, 10), (20, 17), (10, 13), (11, 12), (11, 15), (16, 15), (20, 10), (10, 21), (19, 10), (8, 16), (7, 8), (15, 11), (23, 14), (13, 23), (11, 9), (15, 19), (7, 16), (20, 15), (16, 11), (12, 23), (21, 17), (19, 20), (16, 8), (4, 11), (2, 10), (11, 4), (7, 22), (11, 17), (21, 22), (21, 22), (12, 14), (5, 8), (10, 11), (22, 9), (6, 11), (11, 10), (11, 10), (11, 10), (11, 10), (9, 5), (5, 10), (9, 8), (9, 1), (24, 11), (22, 24), (19, 7), (5, 4), (15, 10), (15, 10), (15, 10), (15, 10), (10, 5), (16, 2), (7, 19), (11, 19), (19, 18), (13, 10), (13, 10), (16, 24), (15, 22), (9, 14), (21, 16), (16, 22), (16, 22), (11, 13), (10, 14), (22, 18), (12, 5), (6, 16), (2, 7), (20, 16), (20, 16), (14, 9), (24, 8), (20, 19), (14, 2), (15, 23), (9, 23), (10, 7), (10, 7), (10, 7), (10, 7), (14, 23), (14, 23), (2, 12), (11, 14), (11, 14), (1, 7), (4, 16), (6, 4), (16, 19), (22, 23), (22, 23), (22, 23), (22, 23), (22, 23), (22, 23)], [(22, 10), (17, 10), (22, 15), (22, 20), (10, 20), (10, 9), (20, 22), (10, 15), (23, 22), (23, 10), (22, 17), (10, 8), (10, 12), (9, 10), (17, 16), (10, 22), (10, 17), (10, 16), (10, 16), (16, 10), (12, 10), (20, 17), (10, 13), (11, 12), (11, 15), (16, 15), (20, 10), (10, 21), (19, 10), (8, 16), (15, 11), (23, 14), (13, 23), (11, 9), (15, 19), (7, 16), (20, 15), (16, 11), (19, 20), (16, 8), (4, 11), (11, 4), (11, 17), (21, 22), (12, 14), (10, 11), (10, 11), (10, 11), (10, 11), (10, 11), (10, 11), (10, 11), (22, 9), (11, 10), (11, 10), (11, 10), (11, 10), (9, 5), (5, 10), (9, 8), (9, 1), (24, 11), (22, 24), (19, 7), (5, 4), (15, 10), (15, 10), (15, 10), (15, 10), (15, 10), (15, 10), (15, 10), (10, 5), (16, 2), (7, 19), (11, 19), (13, 10), (15, 22), (9, 14), (21, 16), (16, 22), (11, 13), (10, 14), (10, 14), (10, 14), (22, 18), (6, 16), (20, 16), (14, 9), (20, 19), (20, 19), (15, 23), (9, 23), (10, 7), (10, 7), (10, 7), (14, 23), (11, 14), (11, 14), (1, 7), (4, 16), (6, 4), (16, 19), (16, 19), (22, 23), (6, 10), (16, 9), (16, 9), (16, 9), (23, 19), (5, 7), (10, 23), (10, 23), (10, 23), (10, 23), (10, 23), (10, 23), (10, 23), (22, 7), (17, 9)], [(22, 10), (17, 10), (22, 15), (22, 20), (10, 20), (10, 9), (20, 22), (10, 15), (10, 15), (23, 22), (23, 10), (10, 12), (9, 10), (17, 16), (10, 22), (10, 17), (10, 16), (10, 16), (16, 10), (16, 10), (16, 10), (12, 10), (20, 17), (10, 13), (11, 12), (11, 15), (20, 10), (10, 21), (19, 10), (8, 16), (15, 11), (23, 14), (11, 9), (7, 16), (20, 15), (16, 11), (19, 20), (16, 8), (4, 11), (11, 4), (11, 17), (21, 22), (12, 14), (10, 11), (10, 11), (10, 11), (22, 9), (11, 10), (11, 10), (11, 10), (11, 10), (9, 5), (5, 10), (9, 8), (24, 11), (22, 24), (5, 4), (15, 10), (15, 10), (15, 10), (10, 5), (13, 10), (13, 10), (13, 10), (15, 22), (15, 22), (9, 14), (21, 16), (16, 22), (11, 13), (10, 14), (6, 16), (20, 16), (14, 9), (20, 19), (15, 23), (9, 23), (10, 7), (14, 23), (11, 14), (11, 14), (1, 7), (4, 16), (6, 4), (16, 19), (16, 19), (22, 23), (22, 23), (6, 10), (16, 9), (16, 9), (23, 19), (5, 7), (10, 23), (22, 7), (17, 9), (2, 17), (16, 5), (12, 8), (11, 21), (24, 6), (12, 17), (1, 9), (23, 1), (6, 7), (21, 8), (24, 9), (5, 11), (5, 17), (22, 3), (21, 7), (10, 4), (10, 4), (6, 19), (21, 23), (20, 11), (12, 21), (16, 23), (22, 11), (18, 13)], [(22, 10), (17, 10), (22, 15), (10, 20), (10, 9), (20, 22), (10, 15), (23, 22), (10, 12), (9, 10), (17, 16), (10, 22), (10, 17), (10, 16), (10, 16), (10, 16), (16, 10), (12, 10), (20, 17), (10, 13), (11, 15), (20, 10), (20, 10), (19, 10), (8, 16), (15, 11), (23, 14), (11, 9), (7, 16), (20, 15), (16, 11), (19, 20), (16, 8), (16, 8), (4, 11), (11, 4), (11, 17), (21, 22), (10, 11), (10, 11), (10, 11), (22, 9), (11, 10), (11, 10), (11, 10), (9, 5), (5, 10), (9, 8), (22, 24), (15, 10), (15, 10), (15, 10), (10, 5), (13, 10), (15, 22), (15, 22), (9, 14), (21, 16), (16, 22), (11, 13), (10, 14), (10, 14), (10, 14), (6, 16), (20, 16), (20, 16), (20, 16), (14, 9), (20, 19), (20, 19), (15, 23), (9, 23), (10, 7), (14, 23), (14, 23), (11, 14), (1, 7), (4, 16), (6, 4), (16, 19), (22, 23), (22, 23), (6, 10), (16, 9), (23, 19), (10, 23), (10, 23), (10, 23), (22, 7), (17, 9), (2, 17), (16, 5), (12, 8), (11, 21), (12, 17), (1, 9), (23, 1), (6, 7), (21, 8), (24, 9), (5, 11), (5, 17), (21, 7), (10, 4), (10, 4), (6, 19), (21, 23), (20, 11), (12, 21), (16, 23), (22, 11), (22, 11), (22, 11), (20, 13), (7, 18), (4, 14), (2, 19), (20, 6), (5, 21), (2, 14)], [(22, 10), (17, 10), (22, 15), (10, 20), (10, 9), (20, 22), (10, 15), (23, 22), (10, 12), (9, 10), (17, 16), (10, 22), (10, 17), (10, 16), (10, 16), (10, 16), (10, 16), (16, 10), (16, 10), (16, 10), (12, 10), (20, 17), (10, 13), (20, 10), (19, 10), (8, 16), (15, 11), (11, 9), (7, 16), (20, 15), (16, 11), (19, 20), (16, 8), (4, 11), (11, 4), (11, 17), (21, 22), (21, 22), (10, 11), (10, 11), (10, 11), (10, 11), (11, 10), (11, 10), (11, 10), (11, 10), (11, 10), (9, 5), (5, 10), (9, 8), (22, 24), (15, 10), (15, 10), (15, 10), (10, 5), (13, 10), (15, 22), (9, 14), (21, 16), (16, 22), (11, 13), (10, 14), (10, 14), (6, 16), (20, 16), (20, 16), (14, 9), (20, 19), (20, 19), (15, 23), (9, 23), (10, 7), (10, 7), (14, 23), (11, 14), (11, 14), (1, 7), (4, 16), (16, 19), (22, 23), (6, 10), (16, 9), (10, 23), (22, 7), (17, 9), (16, 5), (12, 8), (11, 21), (12, 17), (1, 9), (23, 1), (6, 7), (21, 8), (5, 11), (10, 4), (21, 23), (20, 11), (12, 21), (16, 23), (22, 11), (20, 13), (7, 18), (4, 14), (20, 6), (4, 19), (9, 15), (9, 15), (8, 12), (8, 12), (19, 5), (16, 13), (1, 16), (23, 20), (15, 8), (16, 7), (16, 7), (16, 7), (16, 7), (16, 7), (16, 7)], [(17, 10), (17, 10), (10, 20), (10, 9), (20, 22), (10, 15), (10, 15), (23, 22), (10, 12), (9, 10), (17, 16), (17, 16), (10, 22), (10, 17), (10, 17), (10, 16), (10, 16), (16, 10), (12, 10), (20, 17), (10, 13), (20, 10), (19, 10), (8, 16), (8, 16), (15, 11), (11, 9), (7, 16), (16, 11), (19, 20), (16, 8), (16, 8), (16, 8), (4, 11), (11, 4), (11, 17), (21, 22), (10, 11), (10, 11), (10, 11), (11, 10), (5, 10), (22, 24), (15, 10), (15, 10), (15, 10), (15, 10), (10, 5), (13, 10), (13, 10), (13, 10), (15, 22), (16, 22), (16, 22), (11, 13), (10, 14), (10, 14), (6, 16), (20, 16), (20, 16), (20, 16), (20, 19), (15, 23), (10, 7), (10, 7), (14, 23), (11, 14), (11, 14), (4, 16), (16, 19), (16, 19), (22, 23), (22, 23), (6, 10), (16, 9), (10, 23), (10, 23), (22, 7), (17, 9), (16, 5), (12, 8), (11, 21), (12, 17), (1, 9), (6, 7), (21, 8), (5, 11), (10, 4), (21, 23), (20, 11), (16, 23), (22, 11), (20, 13), (4, 14), (20, 6), (4, 19), (9, 15), (9, 15), (9, 15), (8, 12), (16, 13), (1, 16), (23, 20), (23, 20), (15, 8), (16, 7), (2, 6), (3, 2), (11, 23), (11, 23), (11, 23), (11, 23), (11, 23), (11, 23), (11, 23), (11, 23), (1, 14), (16, 17), (16, 17), (16, 17), (16, 17), (16, 17), (16, 17), (16, 17), (16, 17), (16, 17), (16, 17), (16, 17), (16, 17), (16, 17), (16, 17), (16, 17), (16, 17), (16, 17), (16, 17), (16, 17), (16, 17), (16, 17), (16, 17), (16, 17), (16, 17)], [(17, 10), (10, 9), (20, 22), (10, 15), (9, 10), (9, 10), (17, 16), (10, 22), (10, 22), (10, 17), (10, 17), (10, 16), (10, 16), (16, 10), (16, 10), (12, 10), (10, 13), (20, 10), (20, 10), (19, 10), (8, 16), (11, 9), (7, 16), (16, 11), (19, 20), (16, 8), (16, 8), (4, 11), (11, 4), (21, 22), (10, 11), (10, 11), (10, 11), (11, 10), (11, 10), (11, 10), (5, 10), (22, 24), (15, 10), (15, 10), (15, 10), (10, 5), (13, 10), (15, 22), (16, 22), (11, 13), (10, 14), (10, 14), (6, 16), (20, 16), (20, 19), (15, 23), (15, 23), (10, 7), (10, 7), (10, 7), (14, 23), (11, 14), (11, 14), (4, 16), (16, 19), (22, 23), (22, 23), (6, 10), (16, 9), (16, 9), (10, 23), (17, 9), (16, 5), (12, 8), (12, 17), (1, 9), (5, 11), (10, 4), (21, 23), (20, 11), (16, 23), (22, 11), (22, 11), (20, 13), (4, 14), (9, 15), (9, 15), (8, 12), (16, 13), (1, 16), (23, 20), (23, 20), (15, 8), (16, 7), (16, 7), (2, 6), (11, 23), (1, 14), (16, 17), (15, 13), (15, 13), (15, 13), (9, 11), (9, 11), (9, 11), (9, 11), (9, 11), (9, 11), (9, 11), (9, 11), (9, 11), (9, 11), (9, 11), (13, 21), (13, 21), (13, 21), (4, 20), (23, 4), (23, 4), (16, 20), (16, 20), (16, 20), (16, 20), (16, 20), (16, 20), (16, 20), (16, 20), (16, 20), (16, 20), (16, 20), (16, 20), (16, 20)], [(17, 10), (10, 9), (20, 22), (10, 15), (9, 10), (17, 16), (10, 22), (10, 22), (10, 17), (10, 17), (10, 16), (10, 16), (10, 16), (16, 10), (12, 10), (10, 13), (20, 10), (20, 10), (19, 10), (8, 16), (11, 9), (7, 16), (16, 11), (16, 8), (4, 11), (11, 4), (21, 22), (10, 11), (10, 11), (10, 11), (10, 11), (11, 10), (11, 10), (11, 10), (11, 10), (11, 10), (11, 10), (22, 24), (15, 10), (10, 5), (13, 10), (13, 10), (13, 10), (15, 22), (16, 22), (11, 13), (10, 14), (10, 14), (6, 16), (20, 16), (20, 19), (15, 23), (10, 7), (10, 7), (14, 23), (11, 14), (4, 16), (16, 19), (16, 19), (22, 23), (22, 23), (6, 10), (16, 9), (16, 9), (10, 23), (17, 9), (17, 9), (12, 8), (12, 17), (10, 4), (10, 4), (21, 23), (20, 11), (22, 11), (20, 13), (4, 14), (9, 15), (8, 12), (16, 13), (16, 13), (1, 16), (23, 20), (15, 8), (16, 7), (16, 7), (2, 6), (11, 23), (1, 14), (16, 17), (15, 13), (9, 11), (13, 21), (13, 21), (4, 20), (23, 4), (16, 20), (8, 1), (8, 1), (8, 1), (8, 1), (2, 5), (1, 24), (11, 8), (11, 8), (11, 8), (11, 8), (11, 8), (11, 8), (2, 8), (1, 3)], [(17, 10), (10, 9), (10, 15), (10, 15), (9, 10), (17, 16), (10, 22), (10, 17), (10, 17), (10, 16), (16, 10), (16, 10), (12, 10), (20, 10), (20, 10), (19, 10), (8, 16), (8, 16), (16, 8), (16, 8), (16, 8), (4, 11), (11, 4), (21, 22), (21, 22), (10, 11), (11, 10), (22, 24), (15, 10), (15, 10), (15, 10), (15, 10), (15, 10), (13, 10), (15, 22), (15, 22), (15, 22), (16, 22), (11, 13), (10, 14), (10, 14), (10, 14), (10, 14), (20, 16), (20, 19), (15, 23), (10, 7), (14, 23), (11, 14), (11, 14), (16, 19), (22, 23), (22, 23), (22, 23), (6, 10), (16, 9), (16, 9), (10, 23), (10, 23), (17, 9), (10, 4), (10, 4), (10, 4), (21, 23), (22, 11), (22, 11), (20, 13), (9, 15), (9, 15), (8, 12), (16, 13), (1, 16), (23, 20), (15, 8), (15, 8), (16, 7), (16, 7), (16, 7), (2, 6), (11, 23), (11, 23), (11, 23), (16, 17), (16, 17), (15, 13), (15, 13), (15, 13), (9, 11), (9, 11), (13, 21), (4, 20), (23, 4), (23, 4), (16, 20), (16, 20), (8, 1), (8, 1), (8, 1), (8, 1), (11, 8), (11, 8), (2, 8), (2, 8), (2, 8)]]   //后四组用于先塞入










{(1, 2): ([[1, 2]], 6), (1, 3): ([[1, 3]], 4), (1, 4): ([[1, 3, 4]], 8), (1, 5): ([[1, 3, 4, 5]], 10), (1, 6): ([[1, 2, 6]], 11), (1, 7): ([[1, 2, 6, 8, 7]], 16), (1, 8): ([[1, 2, 6, 8]], 13), (1, 9): ([[1, 3, 4, 5, 9]], 15), (1, 10): ([[1, 3, 4, 5, 9, 10]], 18), (1, 11): ([[1, 3, 4, 11], [1, 3, 12, 11]], 14), (1, 12): ([[1, 3, 12]], 8), (1, 13): ([[1, 3, 12, 13]], 11), (1, 14): ([[1, 3, 4, 11, 14], [1, 3, 12, 11, 14]], 18), (1, 15): ([[1, 3, 4, 11, 14, 15], [1, 3, 12, 11, 14, 15], [1, 3, 12, 13, 24, 21, 22, 15]], 23), (1, 16): ([[1, 2, 6, 8, 16]], 18), (1, 17): ([[1, 2, 6, 8, 16, 17]], 20), (1, 18): ([[1, 2, 6, 8, 7, 18]], 18), (1, 19): ([[1, 2, 6, 8, 16, 17, 19]], 22), (1, 20): ([[1, 2, 6, 8, 7, 18, 20]], 22), (1, 21): ([[1, 3, 12, 13, 24, 21]], 18), (1, 22): ([[1, 3, 12, 13, 24, 21, 22]], 20), (1, 23): ([[1, 3, 12, 13, 24, 23]], 17), (1, 24): ([[1, 3, 12, 13, 24]], 15), (2, 1): ([[2, 1]], 6), (2, 3): ([[2, 1, 3]], 10), (2, 4): ([[2, 6, 5, 4]], 11), (2, 5): ([[2, 6, 5]], 9), (2, 6): ([[2, 6]], 5), (2, 7): ([[2, 6, 8, 7]], 10), (2, 8): ([[2, 6, 8]], 7), (2, 9): ([[2, 6, 5, 9]], 14), (2, 10): ([[2, 6, 8, 16, 10]], 16), (2, 11): ([[2, 6, 5, 4, 11]], 17), (2, 12): ([[2, 1, 3, 12]], 14), (2, 13): ([[2, 1, 3, 12, 13]], 17), (2, 14): ([[2, 6, 5, 4, 11, 14]], 21), (2, 15): ([[2, 6, 8, 16, 17, 19, 15]], 19), (2, 16): ([[2, 6, 8, 16]], 12), (2, 17): ([[2, 6, 8, 16, 17]], 14), (2, 18): ([[2, 6, 8, 7, 18]], 12), (2, 19): ([[2, 6, 8, 16, 17, 19]], 16), (2, 20): ([[2, 6, 8, 7, 18, 20]], 16), (2, 21): ([[2, 6, 8, 7, 18, 20, 21]], 22), (2, 22): ([[2, 6, 8, 7, 18, 20, 22]], 21), (2, 23): ([[2, 1, 3, 12, 13, 24, 23]], 23), (2, 24): ([[2, 1, 3, 12, 13, 24]], 21), (3, 1): ([[3, 1]], 4), (3, 2): ([[3, 1, 2]], 10), (3, 4): ([[3, 4]], 4), (3, 5): ([[3, 4, 5]], 6), (3, 6): ([[3, 4, 5, 6]], 10), (3, 7): ([[3, 4, 5, 6, 8, 7]], 15), (3, 8): ([[3, 4, 5, 6, 8]], 12), (3, 9): ([[3, 4, 5, 9]], 11), (3, 10): ([[3, 4, 5, 9, 10]], 14), (3, 11): ([[3, 4, 11], [3, 12, 11]], 10), (3, 12): ([[3, 12]], 4), (3, 13): ([[3, 12, 13]], 7), (3, 14): ([[3, 4, 11, 14], [3, 12, 11, 14]], 14), (3, 15): ([[3, 4, 11, 14, 15], [3, 12, 11, 14, 15], [3, 12, 13, 24, 21, 22, 15]], 19), (3, 16): ([[3, 4, 5, 6, 8, 16]], 17), (3, 17): ([[3, 4, 5, 6, 8, 16, 17]], 19), (3, 18): ([[3, 4, 5, 6, 8, 7, 18]], 17), (3, 19): ([[3, 4, 5, 6, 8, 16, 17, 19]], 21), (3, 20): ([[3, 12, 13, 24, 21, 20]], 20), (3, 21): ([[3, 12, 13, 24, 21]], 14), (3, 22): ([[3, 12, 13, 24, 21, 22]], 16), (3, 23): ([[3, 12, 13, 24, 23]], 13), (3, 24): ([[3, 12, 13, 24]], 11), (4, 1): ([[4, 3, 1]], 8), (4, 2): ([[4, 5, 6, 2]], 11), (4, 3): ([[4, 3]], 4), (4, 5): ([[4, 5]], 2), (4, 6): ([[4, 5, 6]], 6), (4, 7): ([[4, 5, 6, 8, 7]], 11), (4, 8): ([[4, 5, 6, 8]], 8), (4, 9): ([[4, 5, 9]], 7), (4, 10): ([[4, 5, 9, 10]], 10), (4, 11): ([[4, 11]], 6), (4, 12): ([[4, 3, 12]], 8), (4, 13): ([[4, 3, 12, 13]], 11), (4, 14): ([[4, 11, 14]], 10), (4, 15): ([[4, 11, 14, 15]], 15), (4, 16): ([[4, 5, 6, 8, 16]], 13), (4, 17): ([[4, 5, 6, 8, 16, 17]], 15), (4, 18): ([[4, 5, 6, 8, 7, 18]], 13), (4, 19): ([[4, 5, 6, 8, 16, 17, 19]], 17), (4, 20): ([[4, 5, 6, 8, 7, 18, 20]], 17), (4, 21): ([[4, 3, 12, 13, 24, 21]], 18), (4, 22): ([[4, 11, 14, 23, 22], [4, 11, 14, 15, 22]], 18), (4, 23): ([[4, 11, 14, 23]], 14), (4, 24): ([[4, 3, 12, 13, 24]], 15), (5, 1): ([[5, 4, 3, 1]], 10), (5, 2): ([[5, 6, 2]], 9), (5, 3): ([[5, 4, 3]], 6), (5, 4): ([[5, 4]], 2), (5, 6): ([[5, 6]], 4), (5, 7): ([[5, 6, 8, 7]], 9), (5, 8): ([[5, 6, 8]], 6), (5, 9): ([[5, 9]], 5), (5, 10): ([[5, 9, 10]], 8), (5, 11): ([[5, 4, 11]], 8), (5, 12): ([[5, 4, 3, 12]], 10), (5, 13): ([[5, 4, 3, 12, 13]], 13), (5, 14): ([[5, 4, 11, 14]], 12), (5, 15): ([[5, 9, 10, 15]], 14), (5, 16): ([[5, 6, 8, 16]], 11), (5, 17): ([[5, 6, 8, 16, 17]], 13), (5, 18): ([[5, 6, 8, 7, 18]], 11), (5, 19): ([[5, 6, 8, 16, 17, 19]], 15), (5, 20): ([[5, 6, 8, 7, 18, 20]], 15), (5, 21): ([[5, 9, 10, 15, 22, 21]], 19), (5, 22): ([[5, 9, 10, 15, 22]], 17), (5, 23): ([[5, 4, 11, 14, 23]], 16), (5, 24): ([[5, 4, 3, 12, 13, 24]], 17), (6, 1): ([[6, 2, 1]], 11), (6, 2): ([[6, 2]], 5), (6, 3): ([[6, 5, 4, 3]], 10), (6, 4): ([[6, 5, 4]], 6), (6, 5): ([[6, 5]], 4), (6, 7): ([[6, 8, 7]], 5), (6, 8): ([[6, 8]], 2), (6, 9): ([[6, 5, 9]], 9), (6, 10): ([[6, 8, 16, 10]], 11), (6, 11): ([[6, 5, 4, 11]], 12), (6, 12): ([[6, 5, 4, 3, 12]], 14), (6, 13): ([[6, 5, 4, 3, 12, 13]], 17), (6, 14): ([[6, 5, 4, 11, 14]], 16), (6, 15): ([[6, 8, 16, 17, 19, 15]], 14), (6, 16): ([[6, 8, 16]], 7), (6, 17): ([[6, 8, 16, 17]], 9), (6, 18): ([[6, 8, 7, 18]], 7), (6, 19): ([[6, 8, 16, 17, 19]], 11), (6, 20): ([[6, 8, 7, 18, 20]], 11), (6, 21): ([[6, 8, 7, 18, 20, 21]], 17), (6, 22): ([[6, 8, 7, 18, 20, 22]], 16), (6, 23): ([[6, 8, 7, 18, 20, 22, 23], [6, 5, 4, 11, 14, 23]], 20), (6, 24): ([[6, 8, 7, 18, 20, 21, 24]], 20), (7, 1): ([[7, 8, 6, 2, 1]], 16), (7, 2): ([[7, 8, 6, 2]], 10), (7, 3): ([[7, 8, 6, 5, 4, 3]], 15), (7, 4): ([[7, 8, 6, 5, 4]], 11), (7, 5): ([[7, 8, 6, 5]], 9), (7, 6): ([[7, 8, 6]], 5), (7, 8): ([[7, 8]], 3), (7, 9): ([[7, 18, 16, 10, 9]], 12), (7, 10): ([[7, 18, 16, 10]], 9), (7, 11): ([[7, 18, 16, 10, 11]], 14), (7, 12): ([[7, 8, 6, 5, 4, 3, 12]], 19), (7, 13): ([[7, 18, 20, 21, 24, 13]], 19), (7, 14): ([[7, 18, 16, 17, 19, 15, 14]], 17), (7, 15): ([[7, 18, 16, 17, 19, 15]], 12), (7, 16): ([[7, 18, 16]], 5), (7, 17): ([[7, 18, 16, 17]], 7), (7, 18): ([[7, 18]], 2), (7, 19): ([[7, 18, 16, 17, 19]], 9), (7, 20): ([[7, 18, 20]], 6), (7, 21): ([[7, 18, 20, 21]], 12), (7, 22): ([[7, 18, 20, 22]], 11), (7, 23): ([[7, 18, 20, 22, 23]], 15), (7, 24): ([[7, 18, 20, 21, 24]], 15), (8, 1): ([[8, 6, 2, 1]], 13), (8, 2): ([[8, 6, 2]], 7), (8, 3): ([[8, 6, 5, 4, 3]], 12), (8, 4): ([[8, 6, 5, 4]], 8), (8, 5): ([[8, 6, 5]], 6), (8, 6): ([[8, 6]], 2), (8, 7): ([[8, 7]], 3), (8, 9): ([[8, 9]], 10), (8, 10): ([[8, 16, 10]], 9), (8, 11): ([[8, 6, 5, 4, 11], [8, 16, 10, 11]], 14), (8, 12): ([[8, 6, 5, 4, 3, 12]], 16), (8, 13): ([[8, 6, 5, 4, 3, 12, 13]], 19), (8, 14): ([[8, 16, 17, 19, 15, 14]], 17), (8, 15): ([[8, 16, 17, 19, 15]], 12), (8, 16): ([[8, 16]], 5), (8, 17): ([[8, 16, 17]], 7), (8, 18): ([[8, 7, 18]], 5), (8, 19): ([[8, 16, 17, 19]], 9), (8, 20): ([[8, 7, 18, 20]], 9), (8, 21): ([[8, 7, 18, 20, 21]], 15), (8, 22): ([[8, 7, 18, 20, 22]], 14), (8, 23): ([[8, 7, 18, 20, 22, 23]], 18), (8, 24): ([[8, 7, 18, 20, 21, 24]], 18), (9, 1): ([[9, 5, 4, 3, 1]], 15), (9, 2): ([[9, 5, 6, 2]], 14), (9, 3): ([[9, 5, 4, 3]], 11), (9, 4): ([[9, 5, 4]], 7), (9, 5): ([[9, 5]], 5), (9, 6): ([[9, 5, 6]], 9), (9, 7): ([[9, 10, 16, 18, 7]], 12), (9, 8): ([[9, 8]], 10), (9, 10): ([[9, 10]], 3), (9, 11): ([[9, 10, 11]], 8), (9, 12): ([[9, 10, 11, 12]], 14), (9, 13): ([[9, 10, 11, 12, 13]], 17), (9, 14): ([[9, 10, 11, 14]], 12), (9, 15): ([[9, 10, 15]], 9), (9, 16): ([[9, 10, 16]], 7), (9, 17): ([[9, 10, 16, 17]], 9), (9, 18): ([[9, 10, 16, 18]], 10), (9, 19): ([[9, 10, 16, 17, 19]], 11), (9, 20): ([[9, 10, 16, 18, 20]], 14), (9, 21): ([[9, 10, 15, 22, 21]], 14), (9, 22): ([[9, 10, 15, 22]], 12), (9, 23): ([[9, 10, 11, 14, 23], [9, 10, 15, 22, 23]], 16), (9, 24): ([[9, 10, 15, 22, 21, 24]], 17), (10, 1): ([[10, 9, 5, 4, 3, 1]], 18), (10, 2): ([[10, 16, 8, 6, 2]], 16), (10, 3): ([[10, 9, 5, 4, 3]], 14), (10, 4): ([[10, 9, 5, 4]], 10), (10, 5): ([[10, 9, 5]], 8), (10, 6): ([[10, 16, 8, 6]], 11), (10, 7): ([[10, 16, 18, 7]], 9), (10, 8): ([[10, 16, 8]], 9), (10, 9): ([[10, 9]], 3), (10, 11): ([[10, 11]], 5), (10, 12): ([[10, 11, 12]], 11), (10, 13): ([[10, 11, 12, 13]], 14), (10, 14): ([[10, 11, 14]], 9), (10, 15): ([[10, 15]], 6), (10, 16): ([[10, 16]], 4), (10, 17): ([[10, 16, 17]], 6), (10, 18): ([[10, 16, 18]], 7), (10, 19): ([[10, 16, 17, 19]], 8), (10, 20): ([[10, 16, 18, 20]], 11), (10, 21): ([[10, 15, 22, 21]], 11), (10, 22): ([[10, 15, 22]], 9), (10, 23): ([[10, 11, 14, 23], [10, 15, 22, 23]], 13), (10, 24): ([[10, 15, 22, 21, 24]], 14), (11, 1): ([[11, 4, 3, 1], [11, 12, 3, 1]], 14), (11, 2): ([[11, 4, 5, 6, 2]], 17), (11, 3): ([[11, 4, 3], [11, 12, 3]], 10), (11, 4): ([[11, 4]], 6), (11, 5): ([[11, 4, 5]], 8), (11, 6): ([[11, 4, 5, 6]], 12), (11, 7): ([[11, 10, 16, 18, 7]], 14), (11, 8): ([[11, 10, 16, 8], [11, 4, 5, 6, 8]], 14), (11, 9): ([[11, 10, 9]], 8), (11, 10): ([[11, 10]], 5), (11, 12): ([[11, 12]], 6), (11, 13): ([[11, 12, 13]], 9), (11, 14): ([[11, 14]], 4), (11, 15): ([[11, 14, 15]], 9), (11, 16): ([[11, 10, 16]], 9), (11, 17): ([[11, 10, 16, 17]], 11), (11, 18): ([[11, 10, 16, 18]], 12), (11, 19): ([[11, 14, 15, 19]], 12), (11, 20): ([[11, 14, 15, 19, 20], [11, 10, 16, 18, 20]], 16), (11, 21): ([[11, 14, 23, 24, 21]], 13), (11, 22): ([[11, 14, 23, 22], [11, 14, 15, 22]], 12), (11, 23): ([[11, 14, 23]], 8), (11, 24): ([[11, 14, 23, 24]], 10), (12, 1): ([[12, 3, 1]], 8), (12, 2): ([[12, 3, 1, 2]], 14), (12, 3): ([[12, 3]], 4), (12, 4): ([[12, 3, 4]], 8), (12, 5): ([[12, 3, 4, 5]], 10), (12, 6): ([[12, 3, 4, 5, 6]], 14), (12, 7): ([[12, 3, 4, 5, 6, 8, 7]], 19), (12, 8): ([[12, 3, 4, 5, 6, 8]], 16), (12, 9): ([[12, 11, 10, 9]], 14), (12, 10): ([[12, 11, 10]], 11), (12, 11): ([[12, 11]], 6), (12, 13): ([[12, 13]], 3), (12, 14): ([[12, 11, 14]], 10), (12, 15): ([[12, 11, 14, 15], [12, 13, 24, 21, 22, 15]], 15), (12, 16): ([[12, 11, 10, 16]], 15), (12, 17): ([[12, 11, 10, 16, 17]], 17), (12, 18): ([[12, 11, 10, 16, 18]], 18), (12, 19): ([[12, 11, 14, 15, 19], [12, 13, 24, 21, 22, 15, 19]], 18), (12, 20): ([[12, 13, 24, 21, 20]], 16), (12, 21): ([[12, 13, 24, 21]], 10), (12, 22): ([[12, 13, 24, 21, 22]], 12), (12, 23): ([[12, 13, 24, 23]], 9), (12, 24): ([[12, 13, 24]], 7), (13, 1): ([[13, 12, 3, 1]], 11), (13, 2): ([[13, 12, 3, 1, 2]], 17), (13, 3): ([[13, 12, 3]], 7), (13, 4): ([[13, 12, 3, 4]], 11), (13, 5): ([[13, 12, 3, 4, 5]], 13), (13, 6): ([[13, 12, 3, 4, 5, 6]], 17), (13, 7): ([[13, 24, 21, 20, 18, 7]], 19), (13, 8): ([[13, 12, 3, 4, 5, 6, 8]], 19), (13, 9): ([[13, 12, 11, 10, 9]], 17), (13, 10): ([[13, 12, 11, 10]], 14), (13, 11): ([[13, 12, 11]], 9), (13, 12): ([[13, 12]], 3), (13, 14): ([[13, 24, 23, 14]], 10), (13, 15): ([[13, 24, 21, 22, 15]], 12), (13, 16): ([[13, 12, 11, 10, 16]], 18), (13, 17): ([[13, 24, 21, 22, 15, 19, 17]], 17), (13, 18): ([[13, 24, 21, 20, 18]], 17), (13, 19): ([[13, 24, 21, 22, 15, 19]], 15), (13, 20): ([[13, 24, 21, 20]], 13), (13, 21): ([[13, 24, 21]], 7), (13, 22): ([[13, 24, 21, 22]], 9), (13, 23): ([[13, 24, 23]], 6), (13, 24): ([[13, 24]], 4), (14, 1): ([[14, 11, 4, 3, 1], [14, 11, 12, 3, 1]], 18), (14, 2): ([[14, 11, 4, 5, 6, 2]], 21), (14, 3): ([[14, 11, 4, 3], [14, 11, 12, 3]], 14), (14, 4): ([[14, 11, 4]], 10), (14, 5): ([[14, 11, 4, 5]], 12), (14, 6): ([[14, 11, 4, 5, 6]], 16), (14, 7): ([[14, 15, 19, 17, 16, 18, 7]], 17), (14, 8): ([[14, 15, 19, 17, 16, 8]], 17), (14, 9): ([[14, 11, 10, 9]], 12), (14, 10): ([[14, 11, 10]], 9), (14, 11): ([[14, 11]], 4), (14, 12): ([[14, 11, 12]], 10), (14, 13): ([[14, 23, 24, 13]], 10), (14, 15): ([[14, 15]], 5), (14, 16): ([[14, 15, 19, 17, 16]], 12), (14, 17): ([[14, 15, 19, 17]], 10), (14, 18): ([[14, 15, 19, 17, 16, 18]], 15), (14, 19): ([[14, 15, 19]], 8), (14, 20): ([[14, 15, 19, 20]], 12), (14, 21): ([[14, 23, 24, 21]], 9), (14, 22): ([[14, 23, 22], [14, 15, 22]], 8), (14, 23): ([[14, 23]], 4), (14, 24): ([[14, 23, 24]], 6), (15, 1): ([[15, 14, 11, 4, 3, 1], [15, 14, 11, 12, 3, 1], [15, 22, 21, 24, 13, 12, 3, 1]], 23), (15, 2): ([[15, 19, 17, 16, 8, 6, 2]], 19), (15, 3): ([[15, 14, 11, 4, 3], [15, 14, 11, 12, 3], [15, 22, 21, 24, 13, 12, 3]], 19), (15, 4): ([[15, 14, 11, 4]], 15), (15, 5): ([[15, 10, 9, 5]], 14), (15, 6): ([[15, 19, 17, 16, 8, 6]], 14), (15, 7): ([[15, 19, 17, 16, 18, 7]], 12), (15, 8): ([[15, 19, 17, 16, 8]], 12), (15, 9): ([[15, 10, 9]], 9), (15, 10): ([[15, 10]], 6), (15, 11): ([[15, 14, 11]], 9), (15, 12): ([[15, 14, 11, 12], [15, 22, 21, 24, 13, 12]], 15), (15, 13): ([[15, 22, 21, 24, 13]], 12), (15, 14): ([[15, 14]], 5), (15, 16): ([[15, 19, 17, 16]], 7), (15, 17): ([[15, 19, 17]], 5), (15, 18): ([[15, 19, 17, 16, 18]], 10), (15, 19): ([[15, 19]], 3), (15, 20): ([[15, 19, 20]], 7), (15, 21): ([[15, 22, 21]], 5), (15, 22): ([[15, 22]], 3), (15, 23): ([[15, 22, 23]], 7), (15, 24): ([[15, 22, 21, 24]], 8), (16, 1): ([[16, 8, 6, 2, 1]], 18), (16, 2): ([[16, 8, 6, 2]], 12), (16, 3): ([[16, 8, 6, 5, 4, 3]], 17), (16, 4): ([[16, 8, 6, 5, 4]], 13), (16, 5): ([[16, 8, 6, 5]], 11), (16, 6): ([[16, 8, 6]], 7), (16, 7): ([[16, 18, 7]], 5), (16, 8): ([[16, 8]], 5), (16, 9): ([[16, 10, 9]], 7), (16, 10): ([[16, 10]], 4), (16, 11): ([[16, 10, 11]], 9), (16, 12): ([[16, 10, 11, 12]], 15), (16, 13): ([[16, 10, 11, 12, 13]], 18), (16, 14): ([[16, 17, 19, 15, 14]], 12), (16, 15): ([[16, 17, 19, 15]], 7), (16, 17): ([[16, 17]], 2), (16, 18): ([[16, 18]], 3), (16, 19): ([[16, 17, 19]], 4), (16, 20): ([[16, 18, 20]], 7), (16, 21): ([[16, 17, 19, 15, 22, 21]], 12), (16, 22): ([[16, 17, 19, 15, 22]], 10), (16, 23): ([[16, 17, 19, 15, 22, 23]], 14), (16, 24): ([[16, 17, 19, 15, 22, 21, 24]], 15), (17, 1): ([[17, 16, 8, 6, 2, 1]], 20), (17, 2): ([[17, 16, 8, 6, 2]], 14), (17, 3): ([[17, 16, 8, 6, 5, 4, 3]], 19), (17, 4): ([[17, 16, 8, 6, 5, 4]], 15), (17, 5): ([[17, 16, 8, 6, 5]], 13), (17, 6): ([[17, 16, 8, 6]], 9), (17, 7): ([[17, 16, 18, 7]], 7), (17, 8): ([[17, 16, 8]], 7), (17, 9): ([[17, 16, 10, 9]], 9), (17, 10): ([[17, 16, 10]], 6), (17, 11): ([[17, 16, 10, 11]], 11), (17, 12): ([[17, 16, 10, 11, 12]], 17), (17, 13): ([[17, 19, 15, 22, 21, 24, 13]], 17), (17, 14): ([[17, 19, 15, 14]], 10), (17, 15): ([[17, 19, 15]], 5), (17, 16): ([[17, 16]], 2), (17, 18): ([[17, 16, 18]], 5), (17, 19): ([[17, 19]], 2), (17, 20): ([[17, 19, 20]], 6), (17, 21): ([[17, 19, 15, 22, 21]], 10), (17, 22): ([[17, 19, 15, 22]], 8), (17, 23): ([[17, 19, 15, 22, 23]], 12), (17, 24): ([[17, 19, 15, 22, 21, 24]], 13), (18, 1): ([[18, 7, 8, 6, 2, 1]], 18), (18, 2): ([[18, 7, 8, 6, 2]], 12), (18, 3): ([[18, 7, 8, 6, 5, 4, 3]], 17), (18, 4): ([[18, 7, 8, 6, 5, 4]], 13), (18, 5): ([[18, 7, 8, 6, 5]], 11), (18, 6): ([[18, 7, 8, 6]], 7), (18, 7): ([[18, 7]], 2), (18, 8): ([[18, 7, 8]], 5), (18, 9): ([[18, 16, 10, 9]], 10), (18, 10): ([[18, 16, 10]], 7), (18, 11): ([[18, 16, 10, 11]], 12), (18, 12): ([[18, 16, 10, 11, 12]], 18), (18, 13): ([[18, 20, 21, 24, 13]], 17), (18, 14): ([[18, 16, 17, 19, 15, 14]], 15), (18, 15): ([[18, 16, 17, 19, 15]], 10), (18, 16): ([[18, 16]], 3), (18, 17): ([[18, 16, 17]], 5), (18, 19): ([[18, 16, 17, 19]], 7), (18, 20): ([[18, 20]], 4), (18, 21): ([[18, 20, 21]], 10), (18, 22): ([[18, 20, 22]], 9), (18, 23): ([[18, 20, 22, 23]], 13), (18, 24): ([[18, 20, 21, 24]], 13), (19, 1): ([[19, 17, 16, 8, 6, 2, 1]], 22), (19, 2): ([[19, 17, 16, 8, 6, 2]], 16), (19, 3): ([[19, 17, 16, 8, 6, 5, 4, 3]], 21), (19, 4): ([[19, 17, 16, 8, 6, 5, 4]], 17), (19, 5): ([[19, 17, 16, 8, 6, 5]], 15), (19, 6): ([[19, 17, 16, 8, 6]], 11), (19, 7): ([[19, 17, 16, 18, 7]], 9), (19, 8): ([[19, 17, 16, 8]], 9), (19, 9): ([[19, 17, 16, 10, 9]], 11), (19, 10): ([[19, 17, 16, 10]], 8), (19, 11): ([[19, 15, 14, 11]], 12), (19, 12): ([[19, 15, 14, 11, 12], [19, 15, 22, 21, 24, 13, 12]], 18), (19, 13): ([[19, 15, 22, 21, 24, 13]], 15), (19, 14): ([[19, 15, 14]], 8), (19, 15): ([[19, 15]], 3), (19, 16): ([[19, 17, 16]], 4), (19, 17): ([[19, 17]], 2), (19, 18): ([[19, 17, 16, 18]], 7), (19, 20): ([[19, 20]], 4), (19, 21): ([[19, 15, 22, 21]], 8), (19, 22): ([[19, 15, 22]], 6), (19, 23): ([[19, 15, 22, 23]], 10), (19, 24): ([[19, 15, 22, 21, 24]], 11), (20, 1): ([[20, 18, 7, 8, 6, 2, 1]], 22), (20, 2): ([[20, 18, 7, 8, 6, 2]], 16), (20, 3): ([[20, 21, 24, 13, 12, 3]], 20), (20, 4): ([[20, 18, 7, 8, 6, 5, 4]], 17), (20, 5): ([[20, 18, 7, 8, 6, 5]], 15), (20, 6): ([[20, 18, 7, 8, 6]], 11), (20, 7): ([[20, 18, 7]], 6), (20, 8): ([[20, 18, 7, 8]], 9), (20, 9): ([[20, 18, 16, 10, 9]], 14), (20, 10): ([[20, 18, 16, 10]], 11), (20, 11): ([[20, 18, 16, 10, 11], [20, 19, 15, 14, 11]], 16), (20, 12): ([[20, 21, 24, 13, 12]], 16), (20, 13): ([[20, 21, 24, 13]], 13), (20, 14): ([[20, 19, 15, 14]], 12), (20, 15): ([[20, 19, 15]], 7), (20, 16): ([[20, 18, 16]], 7), (20, 17): ([[20, 19, 17]], 6), (20, 18): ([[20, 18]], 4), (20, 19): ([[20, 19]], 4), (20, 21): ([[20, 21]], 6), (20, 22): ([[20, 22]], 5), (20, 23): ([[20, 22, 23]], 9), (20, 24): ([[20, 21, 24]], 9), (21, 1): ([[21, 24, 13, 12, 3, 1]], 18), (21, 2): ([[21, 20, 18, 7, 8, 6, 2]], 22), (21, 3): ([[21, 24, 13, 12, 3]], 14), (21, 4): ([[21, 24, 13, 12, 3, 4]], 18), (21, 5): ([[21, 22, 15, 10, 9, 5]], 19), (21, 6): ([[21, 20, 18, 7, 8, 6]], 17), (21, 7): ([[21, 20, 18, 7]], 12), (21, 8): ([[21, 20, 18, 7, 8]], 15), (21, 9): ([[21, 22, 15, 10, 9]], 14), (21, 10): ([[21, 22, 15, 10]], 11), (21, 11): ([[21, 24, 23, 14, 11]], 13), (21, 12): ([[21, 24, 13, 12]], 10), (21, 13): ([[21, 24, 13]], 7), (21, 14): ([[21, 24, 23, 14]], 9), (21, 15): ([[21, 22, 15]], 5), (21, 16): ([[21, 22, 15, 19, 17, 16]], 12), (21, 17): ([[21, 22, 15, 19, 17]], 10), (21, 18): ([[21, 20, 18]], 10), (21, 19): ([[21, 22, 15, 19]], 8), (21, 20): ([[21, 20]], 6), (21, 22): ([[21, 22]], 2), (21, 23): ([[21, 24, 23]], 5), (21, 24): ([[21, 24]], 3), (22, 1): ([[22, 21, 24, 13, 12, 3, 1]], 20), (22, 2): ([[22, 20, 18, 7, 8, 6, 2]], 21), (22, 3): ([[22, 21, 24, 13, 12, 3]], 16), (22, 4): ([[22, 15, 14, 11, 4], [22, 23, 14, 11, 4]], 18), (22, 5): ([[22, 15, 10, 9, 5]], 17), (22, 6): ([[22, 20, 18, 7, 8, 6]], 16), (22, 7): ([[22, 20, 18, 7]], 11), (22, 8): ([[22, 20, 18, 7, 8]], 14), (22, 9): ([[22, 15, 10, 9]], 12), (22, 10): ([[22, 15, 10]], 9), (22, 11): ([[22, 15, 14, 11], [22, 23, 14, 11]], 12), (22, 12): ([[22, 21, 24, 13, 12]], 12), (22, 13): ([[22, 21, 24, 13]], 9), (22, 14): ([[22, 15, 14], [22, 23, 14]], 8), (22, 15): ([[22, 15]], 3), (22, 16): ([[22, 15, 19, 17, 16]], 10), (22, 17): ([[22, 15, 19, 17]], 8), (22, 18): ([[22, 20, 18]], 9), (22, 19): ([[22, 15, 19]], 6), (22, 20): ([[22, 20]], 5), (22, 21): ([[22, 21]], 2), (22, 23): ([[22, 23]], 4), (22, 24): ([[22, 21, 24]], 5), (23, 1): ([[23, 24, 13, 12, 3, 1]], 17), (23, 2): ([[23, 24, 13, 12, 3, 1, 2]], 23), (23, 3): ([[23, 24, 13, 12, 3]], 13), (23, 4): ([[23, 14, 11, 4]], 14), (23, 5): ([[23, 14, 11, 4, 5]], 16), (23, 6): ([[23, 14, 11, 4, 5, 6], [23, 22, 20, 18, 7, 8, 6]], 20), (23, 7): ([[23, 22, 20, 18, 7]], 15), (23, 8): ([[23, 22, 20, 18, 7, 8]], 18), (23, 9): ([[23, 22, 15, 10, 9], [23, 14, 11, 10, 9]], 16), (23, 10): ([[23, 22, 15, 10], [23, 14, 11, 10]], 13), (23, 11): ([[23, 14, 11]], 8), (23, 12): ([[23, 24, 13, 12]], 9), (23, 13): ([[23, 24, 13]], 6), (23, 14): ([[23, 14]], 4), (23, 15): ([[23, 22, 15]], 7), (23, 16): ([[23, 22, 15, 19, 17, 16]], 14), (23, 17): ([[23, 22, 15, 19, 17]], 12), (23, 18): ([[23, 22, 20, 18]], 13), (23, 19): ([[23, 22, 15, 19]], 10), (23, 20): ([[23, 22, 20]], 9), (23, 21): ([[23, 24, 21]], 5), (23, 22): ([[23, 22]], 4), (23, 24): ([[23, 24]], 2), (24, 1): ([[24, 13, 12, 3, 1]], 15), (24, 2): ([[24, 13, 12, 3, 1, 2]], 21), (24, 3): ([[24, 13, 12, 3]], 11), (24, 4): ([[24, 13, 12, 3, 4]], 15), (24, 5): ([[24, 13, 12, 3, 4, 5]], 17), (24, 6): ([[24, 21, 20, 18, 7, 8, 6]], 20), (24, 7): ([[24, 21, 20, 18, 7]], 15), (24, 8): ([[24, 21, 20, 18, 7, 8]], 18), (24, 9): ([[24, 21, 22, 15, 10, 9]], 17), (24, 10): ([[24, 21, 22, 15, 10]], 14), (24, 11): ([[24, 23, 14, 11]], 10), (24, 12): ([[24, 13, 12]], 7), (24, 13): ([[24, 13]], 4), (24, 14): ([[24, 23, 14]], 6), (24, 15): ([[24, 21, 22, 15]], 8), (24, 16): ([[24, 21, 22, 15, 19, 17, 16]], 15), (24, 17): ([[24, 21, 22, 15, 19, 17]], 13), (24, 18): ([[24, 21, 20, 18]], 13), (24, 19): ([[24, 21, 22, 15, 19]], 11), (24, 20): ([[24, 21, 20]], 9), (24, 21): ([[24, 21]], 3), (24, 22): ([[24, 21, 22]], 5), (24, 23): ([[24, 23]], 2)}



车辆13原路径[60, 54, 17, 19, 14, 3],从20到1
车辆 13 分配到充电站10
重新分配的路径[60, 26, 23, 11, 8, 5]      #[60, 55, 48, 26, 23, 11, 8, 5]



Nodes in G:
(1, {})
(2, {})
(3, {})
(6, {})
(4, {})
(12, {})
(5, {})
(11, {})
(9, {})
(8, {})
(7, {})
(18, {})
(16, {})
(10, {})
(15, {})
(17, {})
(14, {})
(13, {})
(24, {})
(23, {})
(19, {})
(22, {})
(20, {})
(21, {})

Edges in G:
(1, 2, {'weight': 6})
(1, 3, {'weight': 4})
(2, 1, {'weight': 6})
(2, 6, {'weight': 5})
(3, 1, {'weight': 4})
(3, 4, {'weight': 4})
(3, 12, {'weight': 4})
(6, 2, {'weight': 5})
(6, 5, {'weight': 4})
(6, 8, {'weight': 2})
(4, 3, {'weight': 4})
(4, 5, {'weight': 2})
(4, 11, {'weight': 6})
(12, 3, {'weight': 4})
(12, 11, {'weight': 6})
(12, 13, {'weight': 3})
(5, 4, {'weight': 2})
(5, 6, {'weight': 4})
(5, 9, {'weight': 5})
(11, 4, {'weight': 6})
(11, 10, {'weight': 5})
(11, 12, {'weight': 6})
(11, 14, {'weight': 4})
(9, 5, {'weight': 5})
(9, 8, {'weight': 10})
(9, 10, {'weight': 3})
(8, 6, {'weight': 2})
(8, 7, {'weight': 3})
(8, 9, {'weight': 10})
(8, 16, {'weight': 5})
(7, 8, {'weight': 3})
(7, 18, {'weight': 2})
(18, 7, {'weight': 2})
(18, 16, {'weight': 3})
(18, 20, {'weight': 4})
(16, 8, {'weight': 5})
(16, 10, {'weight': 4})
(16, 17, {'weight': 2})
(16, 18, {'weight': 3})
(10, 9, {'weight': 3})
(10, 11, {'weight': 5})
(10, 15, {'weight': 6})
(10, 16, {'weight': 4})
(10, 17, {'weight': 8})
(15, 10, {'weight': 6})
(15, 14, {'weight': 5})
(15, 19, {'weight': 3})
(15, 22, {'weight': 3})
(17, 10, {'weight': 8})
(17, 16, {'weight': 2})
(17, 19, {'weight': 2})
(14, 11, {'weight': 4})
(14, 15, {'weight': 5})
(14, 23, {'weight': 4})
(13, 12, {'weight': 3})
(13, 24, {'weight': 4})
(24, 13, {'weight': 4})
(24, 21, {'weight': 3})
(24, 23, {'weight': 2})
(23, 14, {'weight': 4})
(23, 22, {'weight': 4})
(23, 24, {'weight': 2})
(19, 15, {'weight': 3})
(19, 17, {'weight': 2})
(19, 20, {'weight': 4})
(22, 15, {'weight': 3})
(22, 20, {'weight': 5})
(22, 21, {'weight': 2})
(22, 23, {'weight': 4})
(20, 18, {'weight': 4})
(20, 19, {'weight': 4})
(20, 21, {'weight': 6})
(20, 22, {'weight': 5})
(21, 20, {'weight': 6})
(21, 22, {'weight': 2})
(21, 24, {'weight': 3})